008515 008515 008515 0
018066 018066 018066 0
027799 031199 0***99 3
034460 034460 034460 0
040272 040212 0402*2 1
048002 098002 0*8002 1
057460 051460 05*460 1
068881 068881 068881 0
094079 094039 0940*9 1
095401 095401 095401 0
109146 108196 10*1*6 2
120203 120203 120203 0
126054 126054 126054 0
127475 131415 1**4*5 3
139858 139858 139858 0
149205 149305 149*05 1
167047 161041 16*04* 2
176609 116609 1*6609 1
191925 191925 191925 0
203196 203196 203196 0
225031 225031 225031 0
243374 243314 2433*4 1
254082 254002 2540*2 1
269906 269906 269906 0
279350 219350 2*9350 1
301236 301236 301236 0
303319 303319 303319 0
334026 334026 334026 0
357158 353158 35*158 1
383149 383149 383149 0
405069 405069 405069 0
411200 411200 411200 0
427301 421301 42*301 1
445611 945631 *456*1 2
445931 445911 4459*1 1
471660 411660 4*1660 1
483034 483030 48303* 1
484011 434011 4*4011 1
484070 489010 48*0*0 2
491536 491536 491536 0
492139 492139 492139 0
500764 500169 500*6* 2
517213 511213 51*213 1
526332 528932 52**32 2
529406 52949 5294*- 2
536694 536694 536694 0
542317 542311 54231* 1
543909 593909 5*3909 1
547208 531208 5**208 2
547538 541518 54*5*8 2
555395 555395 555395 0
587731 561131 5***31 3
591555 551555 5*1555 1
593366 596366 59*366 1
612053 612053 612053 0
614880 510880 *1*880 2
622048 622098 6220*8 1
646440 616440 6*6440 1
670325 630335 6*03*5 2
707930 101930 *0*930 2
728280 128280 *28280 1
731730 331130 *31*30 2
733200 733300 733*00 1
754220 154220 *54220 1
760768 160168 *60*68 2
774694 11468 **46*- 4
775293 335293 **5293 2
779521 119521 **9521 2
782456 182956 *82*56 2
787610 185610 *8*610 2
791177 191111 *911** 3
798708 198108 *98*08 2
800777 800115 800*** 3
801686 801686 801686 0
805018 805018 805018 0
820489 820969 820**9 2
832442 832412 8324*2 1
848410 858410 8*8410 1
859207 859201 85920* 1
861284 861284 861284 0
895382 895382 895382 0
900656 900656 900656 0
901365 801365 *01365 1
902726 902136 902**6 2
907774 901134 90***4 3
916088 916088 916088 0
924892 924893 92489* 1
927654 921654 92*654 1
944381 944391 9443*1 1
945215 905215 9*5215 1
947131 941151 94*1*1 2
948559 948569 9485*9 1
954982 954963 9549** 2
956615 956615 956615 0
959869 959869 959869 0
960252 960252 960252 0
972465 912465 9*2465 1
972493 912993 9*2*93 2
988392 988392 988392 0
991649 991649 991649 0

1.05
34%
