008515 008515 008515 0
018066 018060 01806* 1
027799 033190 0***9* 4
034460 004060 0*4*60 2
040272 900212 **02*2 3
048002 098002 0*8002 1
057460 051400 05*4*0 2
068881 008881 0*8881 1
094079 004010 0*40** 3
095401 095401 095401 0
109146 108106 10*1*6 2
120203 120303 120*03 1
126054 129054 12*054 1
127475 131415 1**4*5 3
139858 138858 13*858 1
149205 140305 14**05 2
167047 191041 1**04* 3
176609 139609 1**609 2
191925 181005 1*1**5 3
203196 203106 2031*6 1
225031 025031 *25031 1
243374 243318 2433** 2
254082 254082 254082 0
269906 288806 2***06 3
279350 210350 2**350 2
301236 301230 30123* 1
303319 300319 30*319 1
334026 330020 33*02* 2
357158 353158 35*158 1
383149 383109 3831*9 1
405069 400068 40*06* 2
411200 011200 *11200 1
427301 411301 4**301 2
445611 005031 **5**1 4
445931 405811 4*5**1 3
471660 411660 4*1660 1
483034 483034 483034 0
484011 484011 484011 0
484070 086010 *8*0*0 3
491536 091000 *91*** 4
492139 002130 **213* 3
500764 500164 500*64 1
517213 511013 51**13 2
526332 528332 52*332 1
529406 53040 5**40- 3
536694 636690 *3669* 2
542317 542311 54231* 1
543909 503909 5*3909 1
547208 541108 54**08 2
547538 501538 5**538 2
555395 505305 5*53*5 2
587731 561131 5***31 3
591555 501055 5*1*55 2
593366 390390 *9*3** 4
612053 812053 *12053 1
614880 010880 *1*880 2
622048 022008 *220*8 2
646440 006040 **6*40 3
670325 930335 **03*5 3
707930 101939 *0*93* 3
728280 128280 *28280 1
731730 331130 *31*30 2
733200 133308 *33*0* 3
754220 150820 *5**20 3
760768 160188 *60**8 3
774694 11408 **4**- 5
775293 315293 **5293 2
779521 110321 ****21 4
782456 183986 *8***6 4
787610 185610 *8*610 2
791177 101111 **11** 4
798708 108108 **8*08 3
800777 800115 800*** 3
801686 801680 80168* 1
805018 805018 805018 0
820489 000080 **0*8* 4
832442 830010 83**** 4
848410 8081810 8*8***^ 3
859207 819201 8*920* 2
861284 801284 8*1284 1
895382 885382 8*5382 1
900656 900908 900*** 3
901365 801305 *013*5 2
902726 902136 902**6 2
907774 001110 *0**** 5
916088 010088 *1*088 2
924892 924893 92489* 1
927654 821694 *2*6*4 3
944381 800381 ***381 3
945215 845215 *45215 1
947131 041131 *4*131 2
948559 908500 9*85** 3
954982 954983 95498* 1
956615 850615 *5*615 2
959869 859869 *59869 1
960252 960202 9602*2 1
972465 912485 9*24*5 2
972493 012003 **2**3 4
988392 988390 98839* 1
991649 991649 991649 0

2.07
7%
